18.72	25292.9	1080000	1259712000
18.73	25292.8	3950000	61629875000
18.75	25293.1	4350000	82312875000
18.75	27213.7	2760000	21024576000
18.77	25293.3	1520000	3511808000
18.77	27216.4	609000	225866529
18.79	25293.3	1720000	5088448000
18.8	25293.8	1920000	7077888000
18.82	25294.9	2020000	8242408000
18.84	25294.2	2230000	11089567000
18.85	25294.1	2270000	11697083000
18.87	25294.9	2390000	13651919000
18.89	25294.8	2680000	19248832000
18.9	25294.8	2850000	23149125000
18.92	25293.6	2940000	25412184000
18.94	25294.1	1920000	7077888000
18.95	25294.1	2550000	16581375000
18.97	25294	2810000	22188041000
18.99	25294.2	2840000	22906304000
19	25293.7	2420000	14172488000
19.02	25293.5	2750000	20796875000
19.04	25293.9	2490000	15438249000
19.06	25293.8	2700000	1.9683e+10
19.06	25248.1	572000	187149248
19.07	25294.4	3020000	27543608000
19.09	25294.8	3860000	57512456000
19.11	25294.5	3350000	37595375000
19.13	25294	3320000	36594368000
19.14	25294.2	3060000	28652616000
19.16	25293.8	2900000	2.4389e+10
19.16	25232.7	135000	2460375
19.18	25294.7	2680000	19248832000
19.19	25294.7	2370000	13312053000
19.21	25294.5	2140000	9800344000
19.21	22454.8	267000	19034163
19.23	25293.9	2200000	1.0648e+10
19.23	22457.6	1710000	5000211000
19.25	25294.2	1930000	7189057000
19.25	22457.9	1910000	6967871000
19.26	22457.5	2410000	13997521000
19.26	25294.5	1820000	6028568000
19.28	22458.3	3150000	31255875000
19.28	25294.1	1610000	4173281000
19.3	22458.1	14000000	2.744e+12
19.3	25294.2	6500000	2.74625e+11
19.31	22457.7	4010000	64481201000
19.31	25294	1240000	1906624000
19.33	22457.5	4470000	89314623000
19.33	25293.9	1160000	1560896000
19.35	22457.7	5200000	1.40608e+11
19.36	22457.5	5470000	163667323000
19.38	22457.6	5890000	204336469000
19.4	22457.3	5470000	163667323000
19.41	22456.6	6190000	237176659000
19.43	22457	6600000	2.87496e+11
19.45	22457.5	5940000	209584584000
19.47	22457	5870000	202262003000
19.48	22457.3	6030000	219256227000
19.5	22457.2	6000000	2.16e+11
19.52	22457.4	5940000	209584584000
19.53	22456.7	5810000	196122941000
19.55	22457	6370000	258474853000
19.57	22457	5820000	197137368000
19.57	29597.8	1380000	2628072000
19.58	22457.5	5430000	160103007000
19.58	29597.4	1310000	2248091000
19.6	22457.4	5060000	129554216000
19.62	22456.9	5240000	143877824000
19.62	29595.9	1750000	5359375000
19.63	22456.6	5040000	128024064000
19.63	29596	1850000	6331625000
19.65	22457.3	3430000	40353607000
19.65	29595.7	3060000	28652616000
19.67	22457.1	4590000	96702579000
19.67	29595.8	2410000	13997521000
19.68	29596.6	3230000	33698267000
19.68	22456.8	2960000	25934336000
19.7	29595.1	3450000	41063625000
19.7	22456.8	2630000	18191447000
19.72	29595.1	3730000	51895117000
19.72	22457	2300000	1.2167e+10
19.74	29595.3	3920000	60236288000
19.74	22458.2	2240000	11239424000
19.75	29595.8	4060000	66923416000
19.75	22457	1830000	6128487000
19.77	29595.7	4180000	73034632000
19.77	22456.9	1760000	5451776000
19.79	29596	4390000	84604519000
19.79	22457.6	1780000	5639752000
19.8	29595.6	4530000	92959677000
19.8	22458.3	1460000	3112136000
19.82	29595.5	4560000	94818816000
19.82	22458.6	1360000	2515456000
19.84	29595.7	4430000	86938307000
19.84	22458	1470000	3176523000
19.84	29548.8	1380000	2628072000
19.85	29596.2	4690000	103161709000
19.85	22458.6	966000	901428696
19.87	29596	4640000	99897344000
19.87	22457.8	910000	753571000
19.89	29595.6	17200000	5.088448e+12
19.89	22457.4	2730000	20346417000
19.9	29595.9	4900000	1.17649e+11
19.9	22443.4	915000	766060875
19.92	29595.5	4820000	111980168000
19.92	22456.8	186000	6434856
19.94	29595.3	4800000	1.10592e+11
19.94	22456.9	735000	397065375
19.96	29596	4900000	1.17649e+11
19.96	22457.2	620000	238328000
19.98	29595.3	5010000	125751501000
19.99	29595.2	4950000	121287375000
20.01	29595.6	4600000	9.7336e+10
20.03	29595	4720000	105154048000
20.04	29595.3	4680000	102503232000
20.06	29595.2	4770000	108531333000
20.08	29595.8	4490000	90518849000
20.08	22459.8	569000	184220009
20.08	29535.5	415000	71473375
20.09	29594.1	4310000	80062991000
20.11	29595.2	4010000	64481201000
20.13	29594.8	3800000	5.4872e+10
20.15	29595.4	3230000	33698267000
20.16	29595.6	3400000	3.9304e+10
20.18	29595.6	3520000	43614208000
20.2	29595.5	3600000	4.6656e+10
20.21	29595.2	3140000	30959144000
20.23	29595.5	3710000	51064811000
20.25	29595.2	3510000	43243551000
20.26	29596.2	3440000	40707584000
20.28	29596.8	3310000	36264691000
20.3	29596.2	3440000	40707584000
20.31	29596.2	3440000	40707584000
20.33	29595.9	3430000	40353607000
20.35	29595.9	3510000	43243551000
20.37	29595.5	7960000	504358336000
20.38	29596.5	3040000	28094464000
20.4	29597.4	2670000	19034163000
20.42	29596.7	2520000	16003008000
20.42	25807.1	1400000	2.744e+09
20.43	25809	2480000	15252992000
20.43	29596.7	2430000	14348907000
20.45	25809.6	11800000	1.643032e+12
20.47	25809.4	13200000	2.299968e+12
20.48	25809	13200000	2.299968e+12
20.5	25808.6	13600000	2.515456e+12
20.52	25808.9	6060000	222545016000
20.53	25809	7540000	428661064000
20.53	25759.2	1150000	1520875000
20.55	25808.7	8210000	553387661000
20.55	29595.9	1930000	7189057000
20.57	25809.3	8950000	716917375000
20.59	25808.9	8850000	693154125000
20.59	25764.8	1680000	4741632000
20.6	25808.2	10300000	1.092727e+12
20.6	25761.4	2290000	12008989000
20.62	25808.7	10800000	1.259712e+12
20.62	25755.5	1320000	2299968000
20.64	25808.7	11100000	1.367631e+12
20.64	25761.7	1580000	3944312000
20.65	25808.1	11800000	1.643032e+12
20.65	25764.5	1870000	6539203000
20.67	25808.7	11700000	1.601613e+12
20.67	25765	2130000	9663597000
20.69	25808.4	12000000	1.728e+12
20.69	25763.6	2280000	11852352000
20.7	25808.8	11700000	1.601613e+12
20.72	25808.2	11700000	1.601613e+12
20.74	25808.3	11500000	1.520875e+12
20.74	25765.3	2180000	10360232000
20.75	25808.7	11700000	1.601613e+12
20.75	25765.9	2210000	10793861000
20.77	25808.9	11500000	1.520875e+12
20.77	25762.8	2620000	17984728000
20.79	25808.1	11500000	1.520875e+12
20.79	25763.4	2340000	12812904000
20.8	25808.1	11700000	1.601613e+12
20.82	25808.8	10900000	1.295029e+12
20.84	25808.7	10500000	1.157625e+12
20.86	25808.5	10600000	1.191016e+12
20.88	25808.5	8590000	633839779000
20.89	25809	8530000	620650477000
20.91	25809	8530000	620650477000
20.93	25808.4	8030000	517781627000
20.94	25808.4	7590000	437245479000
20.96	25808.7	6540000	279726264000
20.98	25808.2	4330000	81182737000
20.98	24285.1	221000	10793861
21	25808.1	5170000	138188413000
21.01	25806	3680000	49836032000
21.01	24286.8	888000	700227072
21.03	25807.6	3240000	34012224000
21.05	25808.1	2890000	24137569000
21.05	22230.6	523000	143055667
21.06	22227.9	6910000	329939371000
21.06	25808.6	2590000	17373979000
21.06	29640.6	331000	36264691
21.08	25805.6	1890000	6751269000
21.1	25807.5	1100000	1.331e+09
21.11	22225.9	22500000	1.1390625e+13
21.16	22229.2	252000	16003008
21.18	22227.8	7950000	502459875000
21.18	21258.8	316000	31554496
21.2	22225.8	7830000	480048687000
21.23	22226.2	18600000	6.434856e+12
21.23	29625.1	1120000	1404928000
21.25	22227.1	19300000	7.189057e+12
21.25	23550.9	613000	230346397
21.28	22226.1	20800000	8.998912e+12
21.28	29059.3	2280000	11852352000
21.28	23547.1	821000	553387661
21.3	22227	22600000	1.1543176e+13
21.3	23555.4	3760000	53157376000
21.32	22226.1	27100000	1.9902511e+13
21.32	23555	2610000	17779581000
21.33	23549.2	8810000	683797841000
21.35	23549.5	9760000	929714176000
21.37	23549.1	12800000	2.097152e+12
21.38	22225.9	9150000	766060875000
21.38	23548.3	4930000	119823157000
21.4	22225.8	9180000	773620632000
21.4	23547.7	5630000	178453547000
21.4	28517.3	488000	116214272
21.42	22225.7	9270000	796597983000
21.42	23547.8	4440000	87528384000
21.42	28519.6	1320000	2299968000
21.42	20267	1250000	1953125000
21.42	29631.3	811000	533411731
21.43	23558.5	4160000	71991296000
21.43	20266.7	1680000	4741632000
21.45	23558.2	4470000	89314623000
21.45	20266.2	1550000	3723875000
21.45	22231.1	426000	77308776
21.47	23558	4670000	101847563000
21.48	23557.7	5390000	156590819000
21.48	28523	553000	169112377
21.5	23548	24500000	1.4706125e+13
21.5	29630.3	4150000	71473375000
21.52	23548.7	27700000	2.1253933e+13
21.54	23548.6	30200000	2.7543608e+13
21.55	23548.6	29200000	2.4897088e+13
21.57	23557.3	6860000	322828856000
21.57	24291.7	1070000	1225043000
21.57	29630.3	552000	168196608
21.59	23547.8	8320000	575930368000
21.59	24291	2190000	10503459000
21.6	23548.6	8840000	690807104000
21.6	28516.4	632000	252435968
21.62	23548.9	8660000	649461896000
21.62	28516	1620000	4251528000
21.62	29622.4	409000	68417929
21.64	23547.9	27000000	1.9683e+13
21.64	28518	3970000	62570773000
21.64	29631.2	3130000	30664297000
21.67	23548	7860000	485587656000
21.67	24302.2	4170000	72511713000
21.67	29627.9	1230000	1860867000
21.67	28517	605000	221445125
21.69	23541.4	6990000	341532099000
21.69	24302.4	4520000	92345408000
21.69	29631.4	985000	955671625
21.69	28522	673000	304821217
21.71	23541.4	6860000	322828856000
21.71	24301.3	4040000	65939264000
21.71	25216.6	2380000	13481272000
21.71	28516.2	713000	362467097
21.73	23544.7	6740000	306182024000
21.73	24302	3620000	47437928000
21.73	28516.9	1050000	1157625000
21.73	29630.1	744000	411830784
21.74	23551.8	6290000	248858189000
21.74	24301.1	3240000	34012224000
21.74	28517.1	563000	178453547
21.76	23549.9	6350000	256047875000
21.76	24390.9	1510000	3442951000
21.76	24303.2	303000	27818127
21.78	23549.6	6290000	248858189000
21.78	24390.7	1680000	4741632000
21.79	23546.8	6200000	2.38328e+11
21.79	24391	1920000	7077888000
21.81	22226.3	5420000	159220088000
21.81	23547.4	5200000	1.40608e+11
21.81	24390.9	2240000	11239424000
21.81	29637.9	169000	4826809
21.83	23548.3	4990000	124251499000
21.83	24391	2310000	12326391000
21.83	29623.2	533000	151419437
21.84	23550.7	4740000	106496424000
21.84	24391	2310000	12326391000
21.84	21903	1090000	1295029000
21.84	24572.9	896000	719323136
21.84	29623.7	856000	627222016
21.84	24294.2	519000	139798359
21.86	23543.5	4820000	111980168000
21.86	21903.1	2310000	12326391000
21.86	24390.1	2080000	8998912000
21.86	29623.4	1480000	3241792000
21.86	24574.1	842000	596947688
21.86	26403.1	304000	28094464
21.86	24291.2	284000	22906304
21.88	23544.3	11600000	1.560896e+12
21.88	21902.3	8350000	582182875000
21.88	22226.5	7360000	398688256000
21.88	24390.5	6770000	310288733000
21.88	24572.9	1800000	5.832e+09
21.88	29629.8	1470000	3176523000
21.9	23542.8	11900000	1.685159e+12
21.9	21902.5	10100000	1.030301e+12
21.9	24390.1	6950000	335702375000
21.9	24578.1	358000	45882712
21.91	21902.7	13800000	2.628072e+12
21.91	23118.2	13600000	2.515456e+12
21.91	23547.9	11700000	1.601613e+12
21.91	24390.8	6980000	340068392000
21.91	22226.7	6840000	320013504000
21.91	24289	1920000	7077888000
21.91	26401.8	1430000	2924207000
21.93	21902.9	12400000	1.906624e+12
21.93	23543.5	8770000	674526133000
21.93	24389.9	5590000	174676879000
21.93	24300.6	953000	865523177
21.96	21902.4	21800000	1.0360232e+13
21.96	23542.4	11600000	1.560896e+12
21.96	24389.8	6620000	290117528000
21.96	29631.3	1370000	2571353000
21.98	21902.3	28800000	2.3887872e+13
21.98	23543.8	11300000	1.442897e+12
21.98	24389.9	5400000	1.57464e+11
21.98	24301.4	2110000	9393931000
22	21902.1	35300000	4.3986977e+13
22	23544	12100000	1.771561e+12
22	24389.7	6420000	264609288000
22.01	21902.4	30800000	2.9218112e+13
22.01	23543.4	8700000	6.58503e+11
22.01	24390.2	4490000	90518849000
22.03	21902.5	35400000	4.4361864e+13
22.03	23548.5	8540000	622835864000
22.03	24390.3	3030000	27818127000
22.05	21902.3	14000000	2.744e+12
22.05	23549.9	3280000	35287552000
22.05	24390.5	1200000	1.728e+09
22.06	21902.5	14700000	3.176523e+12
22.06	23546.1	2860000	23393656000
22.06	24390.1	1260000	2000376000
22.08	21902.9	14300000	2.924207e+12
22.08	23544.6	2550000	16581375000
22.08	24390.7	867000	651714363
22.1	21902.4	15100000	3.442951e+12
22.1	23544.1	2900000	2.4389e+10
22.11	21902.7	14700000	3.176523e+12
22.11	23545.9	2680000	19248832000
22.11	24390.8	696000	337153536
22.13	21902.4	13800000	2.628072e+12
22.13	23546.1	2710000	19902511000
22.13	23782.1	529000	148035889
22.15	21902.8	14300000	2.924207e+12
22.15	23546.3	2560000	16777216000
22.15	23782.7	1440000	2985984000
22.15	20737.4	1060000	1191016000
22.17	21902.9	14000000	2.744e+12
22.17	23546.5	2490000	15438249000
22.17	23781.8	2210000	10793861000
22.18	21902.6	13400000	2.406104e+12
22.18	23783.3	3210000	33076161000
22.18	23547.2	2600000	1.7576e+10
22.2	21903.1	50500000	1.28787625e+14
22.2	23782.8	15500000	3.723875e+12
22.2	23547.2	8300000	5.71787e+11
22.22	21903.2	44000000	8.5184e+13
22.22	23782.5	16700000	4.657463e+12
22.22	23546.3	7210000	374805361000
22.23	21903.2	43100000	8.0062991e+13
22.23	23782.4	19500000	7.414875e+12
22.23	23545.7	8000000	5.12e+11
22.25	21902.8	10500000	1.157625e+12
22.25	23782.2	5450000	161878625000
22.25	23547.6	2060000	8741816000
22.27	21902.9	9030000	736314327000
22.27	23782.2	6120000	229220928000
22.27	23548.4	1720000	5088448000
22.28	21903.3	7690000	454756609000
22.28	23782.2	6460000	269586136000
22.28	23548.7	1680000	4741632000
22.3	23781.7	6770000	310288733000
22.3	21903	6760000	308915776000
22.3	23548.6	1580000	3944312000
22.32	23781.9	7010000	344472101000
22.32	21903.4	5640000	179406144000
22.32	23548.3	1410000	2803221000
22.32	27306.6	922000	783777448
22.33	23781.9	6970000	338608873000
22.33	21903.6	4910000	118370771000
22.33	23548.4	1580000	3944312000
22.33	27308.4	1360000	2515456000
22.35	23782	6210000	239483061000
22.35	21903.3	4560000	94818816000
22.35	27308.4	1530000	3581577000
22.35	23548.3	1340000	2406104000
22.37	23781.8	5830000	198155287000
22.37	21903.4	3900000	5.9319e+10
22.37	27309.5	2180000	10360232000
22.37	23548.1	1630000	4330747000
22.39	23781.8	5900000	2.05379e+11
22.39	21903.4	3530000	43986977000
22.39	27307.8	2750000	20796875000
22.39	23547.8	1580000	3944312000
22.4	23782.1	16900000	4.826809e+12
22.4	27308.9	10400000	1.124864e+12
22.4	21903	8850000	693154125000
22.4	23547.8	4750000	107171875000
22.42	23782.3	13700000	2.571353e+12
22.42	27308.8	9990000	997002999000
22.42	21903.6	7900000	4.93039e+11
22.42	23547.9	4530000	92959677000
22.44	27309.1	9990000	997002999000
22.44	23782.3	9860000	958585256000
22.44	21903.2	5590000	174676879000
22.44	23547.4	3380000	38614472000
22.45	27309.6	12500000	1.953125e+12
22.45	23782	9680000	907039232000
22.45	21903.4	5230000	143055667000
22.45	23547.2	3330000	36926037000
22.47	27309.5	11400000	1.481544e+12
22.47	23781.8	7880000	489303872000
22.47	21903.6	3850000	57066625000
22.47	23547.3	2730000	20346417000
22.49	27309.7	17100000	5.000211e+12
22.49	23782.6	9580000	879217912000
22.49	21903.5	4940000	120553784000
22.49	23547.9	4150000	71473375000
22.5	27309.3	17000000	4.913e+12
22.5	23782.8	8100000	5.31441e+11
22.5	21903.2	4020000	64964808000
22.5	23547.8	3420000	40001688000
22.52	27309.4	18300000	6.128487e+12
22.52	23783	7290000	387420489000
22.52	23547.2	3920000	60236288000
22.52	21904	3410000	39651821000
22.52	27263.7	3170000	31855013000
22.54	27309.2	22500000	1.1390625e+13
22.54	23783.1	7020000	345948408000
22.54	27263.7	4120000	69934528000
22.54	21903.3	2920000	24897088000
22.56	27308.5	6220000	240641848000
22.56	23782.6	1570000	3869893000
22.56	27263.2	1270000	2048383000
22.56	21903.9	911000	756058031
22.58	27309.4	23100000	1.2326391e+13
22.58	27262.2	5430000	160103007000
22.58	23782.3	4790000	109902239000
22.61	27309.7	23500000	1.2977875e+13
22.61	27262.8	4640000	99897344000
22.61	23782	3960000	62099136000
22.63	27309	22300000	1.1089567e+13
22.63	27263.2	3650000	48627125000
22.63	23781.8	3470000	41781923000
22.63	27209	571000	186169411
22.64	27309.4	6260000	245314376000
22.64	27260.6	1650000	4492125000
22.64	23781.8	965000	898632125
22.66	27309.5	6190000	237176659000
22.66	27261	1210000	1771561000
22.66	25363.8	746000	415160936
22.66	27216.5	477000	108531333
22.68	27310.1	6470000	270840023000
22.68	27260	1470000	3176523000
22.68	25361	816000	543338496
22.7	27308.1	6550000	281011375000
22.7	27260.3	1360000	2515456000
22.7	25361.8	934000	814780504
22.71	27308.2	6670000	296740963000
22.71	27262.3	1490000	3307949000
22.71	27212.4	121000	1771561
22.73	27309.4	7000000	3.43e+11
22.73	27262.6	1540000	3652264000
22.75	27309.3	6880000	325660672000
22.75	25368.2	234000	12812904
22.76	27309.2	6670000	296740963000
22.78	27309.1	6400000	2.62144e+11
22.78	27250.5	298000	26463592
22.8	27309.1	6270000	246491883000
22.8	27247.5	211000	9393931
22.81	27308.9	6260000	245314376000
22.81	27269.5	1330000	2352637000
22.83	27309.5	6040000	220348864000
22.85	27309	5570000	172808693000
22.86	27309.6	5380000	155720872000
22.88	27309.7	5150000	136590875000
22.88	26378.2	218000	10360232
22.88	27247.8	94800	851971.392
22.9	27309.4	5200000	1.40608e+11
22.9	27251	318000	32157432
22.92	27309.9	4880000	116214272000
22.92	27253.8	250000	15625000
22.93	27309.5	4330000	81182737000
22.93	27257.2	191000	6967871
22.95	27309.2	4510000	91733851000
22.97	27309.4	4250000	76765625000
22.98	27309.3	3870000	57960603000
23	27309	3860000	57512456000
23	27255.4	420000	74088000
23.02	27309.2	3950000	61629875000
23.02	27254.1	136000	2515456
23.03	27310	3940000	61162984000
23.05	27309.5	3840000	56623104000
23.07	27309.5	3620000	47437928000
23.08	27309.7	3450000	41063625000
23.08	27258.2	156000	3796416
23.1	27309.6	3250000	34328125000
23.1	27259.1	435000	82312875
23.12	27308.7	3180000	32157432000
23.14	27310	2830000	22665187000
23.15	27309.1	2790000	21717639000
23.17	27308.7	2780000	21484952000
23.19	27309.2	2450000	14706125000
23.2	27309.4	2330000	12649337000
23.22	27309.4	2270000	11697083000
23.24	27309.4	2190000	10503459000
23.25	27309.5	2380000	13481272000
23.27	27308.6	2180000	10360232000
23.29	27309.2	2070000	8869743000
23.3	27308.6	2050000	8615125000
23.32	27309.2	2000000	8e+09
23.34	27309.8	1530000	3581577000
23.36	27310.3	1750000	5359375000
23.37	27309.2	1680000	4741632000
23.39	27309.7	1590000	4019679000
23.41	27307.6	1760000	5451776000
23.42	27308.9	1660000	4574296000
23.44	27309.8	1530000	3581577000
23.46	27308	1350000	2460375000
23.48	27308	1270000	2048383000
23.5	27308.2	1170000	1601613000
23.61	27311.3	51700	138188.413
23.65	27308.7	802000	515849608
23.66	27309	843000	599077107
24.41	22877.4	1060000	1191016000
24.43	22876.8	1210000	1771561000
24.44	22876.5	1360000	2515456000
24.46	22876.9	1550000	3723875000
24.48	22876.5	1750000	5359375000
24.48	23060.4	652000	277167808
24.5	22876.3	2000000	8e+09
24.5	23060.2	916000	768575296
24.51	22876.6	2090000	9129329000
24.53	22876.3	2250000	11390625000
24.53	23060.2	862000	640503928
24.55	22876	2230000	11089567000
24.55	23060.3	709000	356400829
24.56	22875.7	2390000	13651919000
24.58	22875.3	2630000	18191447000
24.6	22876.4	2700000	1.9683e+10
24.61	22876.2	2870000	23639903000
24.63	22876.3	2930000	25153757000
24.65	22876.6	2870000	23639903000
24.66	22877.3	2900000	2.4389e+10
24.68	22877.6	3200000	3.2768e+10
24.68	23059.7	790000	493039000
24.7	22878.1	3450000	41063625000
24.72	22877.5	3470000	41781923000
24.73	22877.2	3740000	52313624000
24.75	22877.3	4000000	6.4e+10
24.77	22877.1	3750000	52734375000
24.78	22877.8	3170000	31855013000
24.8	22877.1	3490000	42508549000
24.8	23061.3	846000	605495736
24.82	22877.6	3940000	61162984000
24.83	22877.7	4030000	65450827000
24.85	22877.3	4030000	65450827000
24.87	22877.4	4120000	69934528000
24.87	23059.2	1000000	1e+09
24.89	22878	3940000	61162984000
24.9	22878.1	3930000	60698457000
24.92	22877.2	3680000	49836032000
24.92	23058.4	1020000	1061208000
24.94	22877.6	4070000	67419143000
24.94	23059.5	903000	736314327
24.95	22877.3	3810000	55306341000
24.95	23058.8	1000000	1e+09
24.97	22877.3	3950000	61629875000
24.97	23059.3	907000	746142643
24.99	22876.9	3860000	57512456000
24.99	23059.1	903000	736314327
25	22877.1	3790000	54439939000
25	23059	895000	716917375
25.02	22876.4	3680000	49836032000
25.02	23059.5	876000	672221376
25.04	22876.6	3560000	45118016000
25.05	22876.8	3420000	40001688000
25.05	23059.1	830000	571787000
25.07	22877	3470000	41781923000
25.07	23058.3	923000	786330467
25.09	22877.2	3670000	49430863000
25.09	23058.2	830000	571787000
25.11	22877.2	3570000	45499293000
25.12	22877	3600000	4.6656e+10
25.14	22877	3460000	41421736000
25.16	22877.2	3270000	34965783000
25.16	23059	798000	508169592
25.18	22876.9	3380000	38614472000
25.19	22877.8	3170000	31855013000
25.19	23059	786000	485587656
25.21	22877.9	3080000	29218112000
25.23	22878.1	3240000	34012224000
25.25	22877.7	3440000	40707584000
25.26	22877.3	3420000	40001688000
25.28	22877	3560000	45118016000
25.3	22877.8	3020000	27543608000
25.31	22878	2950000	25672375000
25.33	22877.9	2770000	21253933000
25.35	22877.3	2900000	2.4389e+10
25.36	22876.7	2970000	26198073000
25.38	22876.8	2870000	23639903000
25.4	22876.9	2860000	23393656000
25.42	22878	2750000	20796875000
25.43	22877.8	2670000	19034163000
25.45	22877.2	2630000	18191447000
25.47	22878.1	2430000	14348907000
25.48	22878.4	2500000	1.5625e+10
25.5	22879.6	2530000	16194277000
25.52	22877.4	2480000	15252992000
25.53	22877.9	2440000	14526784000
25.55	22877.7	2290000	12008989000
25.57	22877.7	2270000	11697083000
25.59	22877.6	2110000	9393931000
25.6	22877.8	2110000	9393931000
25.62	22877.7	2080000	8998912000
25.64	22877.1	1970000	7645373000
25.65	22876.8	1950000	7414875000
25.67	22877.1	1810000	5929741000
25.67	28416.8	146000	3112136
25.69	22877.8	1780000	5639752000
25.7	22877.3	1690000	4826809000
25.72	22878.4	1640000	4410944000
25.72	28422.6	933000	812166237
25.74	22878.7	1320000	2299968000
25.74	28422.2	970000	912673000
25.76	22877.6	1390000	2685619000
25.76	28420.9	1050000	1157625000
25.77	22877.9	1220000	1815848000
25.77	28421.9	1120000	1404928000
25.79	22877.3	1250000	1953125000
25.79	28421.8	1200000	1.728e+09
25.81	28422.7	1270000	2048383000
25.81	22878.1	1270000	2048383000
25.82	28422.2	1220000	1815848000
25.82	22878.5	1180000	1643032000
25.84	28423.4	1370000	2571353000
25.86	28424	1390000	2685619000
25.86	22877.9	1120000	1404928000
25.87	28423.3	1440000	2985984000
25.89	28422.8	1330000	2352637000
25.91	28423	1440000	2985984000
25.91	22874.7	130000	2197000
25.93	28423.2	1580000	3944312000
25.93	22877	1070000	1225043000
25.94	28423.2	1450000	3048625000
25.94	22877	1090000	1295029000
25.96	28422.5	1430000	2924207000
25.98	28422.9	1390000	2685619000
25.99	28423.1	1620000	4251528000
26.01	28423.2	1660000	4574296000
26.03	28423.5	1620000	4251528000
26.04	28423.4	1600000	4.096e+09
26.06	28423.1	1730000	5177717000
26.08	28422	1700000	4.913e+09
26.1	28422.8	1730000	5177717000
26.11	28422.7	1690000	4826809000
26.13	28421.7	1560000	3796416000
26.15	28421.4	1710000	5000211000
26.15	20827.6	147000	3176523
26.16	28422.1	1500000	3.375e+09
26.16	20828.7	93200	809557.568
26.18	28422.4	1490000	3307949000
26.2	28421.5	1470000	3176523000
26.21	28422.4	1580000	3944312000
26.23	28421.9	1720000	5088448000
26.25	28422.9	1620000	4251528000
26.27	28422.6	1780000	5639752000
26.28	28422.5	1740000	5268024000
26.3	28423	1740000	5268024000
26.32	28422.2	1720000	5088448000
26.33	28422.3	1990000	7880599000
26.35	28422.3	1960000	7529536000
26.37	28423.4	1830000	6128487000
26.38	28423	1970000	7645373000
26.4	28423.4	1740000	5268024000
26.42	28423.5	1730000	5177717000
26.44	28422.7	1550000	3723875000
26.44	22870.1	97100	915498.611
26.45	28422.1	1560000	3796416000
26.47	28423.2	1320000	2299968000
26.49	28422.3	1720000	5088448000
26.49	22874.4	523000	143055667
26.5	28423	1630000	4330747000
26.52	28421.7	1650000	4492125000
26.54	28422.7	1630000	4330747000
26.55	28421.9	1580000	3944312000
26.57	28422.7	1520000	3511808000
26.59	28423.2	1580000	3944312000
26.61	28423	1540000	3652264000
26.62	28422.6	1490000	3307949000
26.62	22877	619000	237176659
26.64	28423	1500000	3.375e+09
26.64	22876.9	611000	228099131
26.66	28422.3	1510000	3442951000
26.66	22876.1	732000	392223168
26.67	28423.4	1430000	2924207000
26.69	28422.5	1390000	2685619000
26.69	22876.7	681000	315821241
26.71	28422.9	1310000	2248091000
26.71	22876.1	708000	354894912
26.72	28423.2	1350000	2460375000
26.72	22875.5	621000	239483061
26.74	28423.1	1500000	3.375e+09
26.74	22876.8	764000	445943744
26.76	28423.7	1480000	3241792000
26.76	22875.9	832000	575930368
26.78	28423.1	1380000	2628072000
26.78	22857.5	970000	912673000
26.79	28422.9	1330000	2352637000
26.79	22857.9	1080000	1259712000
26.81	28423.3	1370000	2571353000
26.81	22858.4	1250000	1953125000
26.83	22858.8	1430000	2924207000
26.83	28423.3	1130000	1442897000
26.84	22858.9	1710000	5000211000
26.86	22858.7	2050000	8615125000
26.88	22858	2270000	11697083000
26.89	22858.4	2500000	1.5625e+10
26.91	22858.1	2890000	24137569000
26.91	22835.5	766000	449455096
26.93	22858.3	3420000	40001688000
26.93	28422.3	827000	565609283
26.93	22816.2	409000	68417929
26.95	22858.1	3740000	52313624000
26.95	22816.1	438000	84027672
26.96	22858.3	4060000	66923416000
26.96	28422.3	723000	377933067
26.98	22858.5	4500000	9.1125e+10
26.98	28421.7	775000	465484375
27	22858.3	4810000	111284641000
27	28421.8	825000	561515625
27.01	22858.6	5260000	145531576000
27.01	28422.6	712000	360944128
27.03	22858.5	5360000	153990656000
27.03	22814.8	444000	87528384
27.03	28422.6	286000	23393656
27.05	22858.3	5210000	141420761000
27.05	28422.8	705000	350402625
27.05	22807.8	435000	82312875
27.06	22858.4	5380000	155720872000
27.06	28422.6	661000	288804781
27.08	22858.5	5420000	159220088000
27.1	22858.5	5400000	1.57464e+11
27.1	22815.9	445000	88121125
27.12	22858.4	5470000	163667323000
27.12	22831.8	711000	359425431
27.13	22858.6	5460000	162771336000
27.13	28421.5	405000	66430125
27.15	22858.8	5810000	196122941000
27.15	22833.6	847000	607645423
27.17	22859.1	5690000	184220009000
27.17	28422.7	505000	128787625
27.17	22813.6	447000	89314623
27.18	22859	5530000	169112377000
27.18	22817.3	544000	160989184
27.2	22859.1	5210000	141420761000
27.2	22823.2	547000	163667323
27.22	22859.2	5530000	169112377000
27.22	22821.8	418000	73034632
27.23	22859.5	5010000	125751501000
27.23	22817.8	309000	29503629
27.25	22859.4	4870000	115501303000
27.25	22817.5	267000	19034163
27.27	22859.8	4710000	104487111000
27.29	22859.1	4970000	122763473000
27.3	22859.5	5100000	1.32651e+11
27.3	29394.9	890000	704969000
27.32	22859.7	5020000	126506008000
27.32	29392.1	1070000	1225043000
27.34	22860	4520000	92345408000
27.34	29394.3	1160000	1560896000
27.35	22860.1	4250000	76765625000
27.35	29393.4	1200000	1.728e+09
27.37	22859.5	4130000	70444997000
27.37	29393.9	1300000	2.197e+09
27.39	22859.4	3840000	56623104000
27.39	29393.3	1360000	2515456000
27.4	22859.3	3870000	57960603000
27.4	29393.8	1400000	2.744e+09
27.42	22859.3	3680000	49836032000
27.42	29393.2	1550000	3723875000
27.44	22859	3030000	27818127000
27.44	29393.1	1570000	3869893000
27.46	22859	2740000	20570824000
27.46	29393.4	1660000	4574296000
27.47	22859.1	2790000	21717639000
27.47	29393.2	1570000	3869893000
27.49	22859.3	2300000	1.2167e+10
27.49	29391.6	2160000	10077696000
27.51	22858.8	2670000	19034163000
27.51	29392.9	1650000	4492125000
27.52	22859.7	2380000	13481272000
27.52	29393.3	1900000	6.859e+09
27.54	22858.9	2300000	1.2167e+10
27.54	29392.6	1950000	7414875000
27.56	22860.3	2210000	10793861000
27.56	29392.6	1910000	6967871000
27.57	29392.2	2240000	11239424000
27.57	22861	1960000	7529536000
27.59	29392.6	2310000	12326391000
27.59	22858.5	1780000	5639752000
27.61	29392.5	2530000	16194277000
27.61	22859.2	1700000	4.913e+09
27.63	29392.3	2820000	22425768000
27.63	22858.5	1800000	5.832e+09
27.64	29392.8	2830000	22665187000
27.64	22860.2	1750000	5359375000
27.66	29392.9	2710000	19902511000
27.66	22858.6	1750000	5359375000
27.68	29392.8	2940000	25412184000
27.68	22858.9	1620000	4251528000
27.69	29393.1	2810000	22188041000
27.69	22859.6	1600000	4.096e+09
27.71	29392.9	2720000	20123648000
27.71	22859.2	1480000	3241792000
27.73	29393.5	2670000	19034163000
27.73	22859.3	1390000	2685619000
27.74	29393.1	2650000	18609625000
27.74	22858.7	1270000	2048383000
27.76	29393.3	2520000	16003008000
27.76	22858	1210000	1771561000
27.78	29393.3	2570000	16974593000
27.78	22858.2	1270000	2048383000
27.8	29393.4	2520000	16003008000
27.8	22858.5	1040000	1124864000
27.81	29393.4	2470000	15069223000
27.81	22859.1	1010000	1030301000
27.83	29392.9	2440000	14526784000
27.83	22859.4	1050000	1157625000
27.85	29394.8	2590000	17373979000
27.85	22858.7	920000	778688000
27.86	29394.3	2900000	2.4389e+10
27.86	22858.4	925000	791453125
27.86	29343.8	777000	469097433
27.88	29393.9	2890000	24137569000
27.88	22858.7	974000	924010424
27.88	29344.4	626000	245314376
27.9	29393.8	2960000	25934336000
27.9	22858.6	976000	929714176
27.91	29393.3	2860000	23393656000
27.91	22859.1	915000	766060875
27.93	29393.6	2780000	21484952000
27.93	22859.1	916000	768575296
27.95	29394.3	2800000	2.1952e+10
27.95	22858.4	907000	746142643
27.95	28363.3	69900	341532.099
27.97	29393.4	2660000	18821096000
27.97	22859	853000	620650477
27.98	29393	2600000	1.7576e+10
27.98	22859.3	763000	444194947
27.98	28358.7	67900	313046.839
28	29393.1	2570000	16974593000
28	22859.8	740000	405224000
28.02	29394.1	2430000	14348907000
28.02	22859.4	693000	332812557
28.03	29393.7	2430000	14348907000
28.03	22861.3	648000	272097792
28.05	29394.2	2310000	12326391000
28.05	22860.1	494000	120553784
28.07	29394	2390000	13651919000
28.07	22860.3	468000	102503232
28.07	29322.7	214000	9800344
28.08	29393.3	2290000	12008989000
28.08	29326	271000	19902511
28.1	29393.2	2330000	12649337000
28.1	29317.9	666000	295408296
28.1	22859.6	503000	127263527
28.12	29392.5	2260000	11543176000
28.12	29317.7	528000	147197952
28.14	29393	2430000	14348907000
28.14	29322.7	544000	160989184
28.14	22859.7	464000	99897344
28.15	29392.6	2450000	14706125000
28.15	29317.6	515000	136590875
28.15	22859.6	466000	101194696
28.17	29392.4	2570000	16974593000
28.17	29322	668000	298077632
28.17	28367.6	115000	1520875
28.19	29393.2	2470000	15069223000
28.19	29320	627000	246491883
28.19	22861.1	393000	60698457
28.19	28367.4	114000	1481544
28.2	29392.5	2410000	13997521000
28.2	22860.4	411000	69426531
28.22	29392.2	2310000	12326391000
28.22	22861	334000	37259704
28.24	29392	2310000	12326391000
28.24	26456.3	34100	39651.821
28.25	29392.8	2320000	12487168000
28.27	29392.3	2240000	11239424000
28.27	26452.4	619000	237176659
28.29	29392.1	2280000	11852352000
28.29	26452.1	637000	258474853
28.31	29392.7	2180000	10360232000
28.31	26452.5	937000	822656953
28.31	22854.8	68300	318611.987
28.32	29392.2	2180000	10360232000
28.32	26452.7	1280000	2097152000
28.34	29391.7	2070000	8869743000
28.34	26453.3	1370000	2571353000
28.36	29391.5	2190000	10503459000
28.36	26451.9	1510000	3442951000
28.37	29391.9	2080000	8998912000
28.37	26451.7	1660000	4574296000
28.39	29392	2140000	9800344000
28.39	26452	1830000	6128487000
28.41	29391.7	2110000	9393931000
28.41	26452.4	1920000	7077888000
28.42	29392.2	2120000	9528128000
28.42	26452.1	2030000	8365427000
28.44	26452.3	2210000	10793861000
28.44	29392.4	2100000	9.261e+09
28.46	26452.7	2260000	11543176000
28.46	29393	2000000	8e+09
28.46	26400.8	33900	38958.219
28.48	26452.6	2770000	21253933000
28.48	29392.4	1680000	4741632000
28.48	26400.4	137000	2571353
28.49	26452.9	2480000	15252992000
28.49	29392.2	1940000	7301384000
28.51	26452.3	2790000	21717639000
28.51	29392.1	1790000	5735339000
28.51	26407.3	584000	199176704
28.53	26452.1	3310000	36264691000
28.53	29392	1360000	2515456000
28.53	26407.3	645000	268336125
28.54	26452.6	3460000	41421736000
28.54	29392.2	1270000	2048383000
28.54	26405.4	775000	465484375
28.56	26452.3	3280000	35287552000
28.56	29392.4	1740000	5268024000
28.56	26405.7	751000	423564751
28.58	26451.8	3390000	38958219000
28.58	29393	1720000	5088448000
28.58	26407	775000	465484375
28.59	26452.5	4090000	68417929000
28.59	29392.6	1280000	2097152000
28.59	26403.8	620000	238328000
28.61	26452.7	4080000	67917312000
28.61	29392.8	1110000	1367631000
28.61	26404.8	656000	282300416
28.63	26452.4	4090000	68417929000
28.63	29392.9	990000	970299000
28.63	26404.2	780000	474552000
28.65	26452.3	4360000	82881856000
28.65	29392.5	1330000	2352637000
28.65	26406.3	669000	299418309
28.66	26452.3	4680000	102503232000
28.66	29393.2	1320000	2299968000
28.66	26405	689000	327082769
28.68	26451.8	4590000	96702579000
28.68	29392.1	1600000	4.096e+09
28.68	26400.8	696000	337153536
28.7	26452.3	4610000	97972181000
28.7	29391.7	1650000	4492125000
28.7	26396.8	650000	274625000
28.71	26451.9	4800000	1.10592e+11
28.71	29391.5	1640000	4410944000
28.71	26401.3	646000	269586136
28.73	26452	4740000	106496424000
28.73	29391.5	1500000	3.375e+09
28.73	26398.4	557000	172808693
28.75	26452.2	4810000	111284641000
28.75	29391.2	1410000	2803221000
28.75	26394	721000	374805361
28.76	26452.3	4750000	107171875000
28.76	29388.1	1370000	2571353000
28.76	26399.4	722000	376367048
28.78	26452.3	4750000	107171875000
28.78	29391.3	1550000	3723875000
28.78	26397.8	418000	73034632
28.8	26452.4	5130000	135005697000
28.8	29392.7	1210000	1771561000
28.8	26387.4	678000	311665752
28.82	26452.3	18900000	6.751269e+12
28.82	29391.4	4620000	98611128000
28.82	26389	2610000	17779581000
28.83	26452.3	4810000	111284641000
28.83	29392	1170000	1601613000
28.83	26391	625000	244140625
28.85	26451.9	5230000	143055667000
28.85	29392.4	1300000	2.197e+09
28.85	26390.9	606000	222545016
28.87	26451.8	5560000	171879616000
28.87	29393.5	641000	263374721
28.87	26391.1	594000	209584584
28.88	26452	5380000	155720872000
28.88	29393	1020000	1061208000
28.88	26408.8	821000	553387661
28.9	26451.1	5120000	134217728000
28.9	29391.6	928000	799178752
28.9	26407.8	790000	493039000
28.92	26452	4960000	122023936000
28.92	29391.7	1110000	1367631000
28.92	26407.6	828000	567663552
28.93	26452.5	4990000	124251499000
28.93	26395.1	552000	168196608
28.95	26451.7	4880000	116214272000
28.95	26406.4	886000	695506456
28.97	26451.9	5090000	131872229000
28.97	26406.6	717000	368601813
28.99	26452	5020000	126506008000
28.99	26404.1	824000	559476224
29	26452.2	4920000	119095488000
29	26408.1	886000	695506456
29	29393	406000	66923416
29.02	26452.1	4820000	111980168000
29.02	26409	743000	410172407
29.02	29392.5	410000	68921000
29.04	26452.1	4600000	9.7336e+10
29.04	29393.9	389000	58863869
29.04	26375.1	127000	2048383
29.05	26452.7	4730000	105823817000
29.05	26407.8	722000	376367048
29.07	26452.9	4620000	98611128000
29.07	26398.5	344000	40707584
29.09	26453.1	4700000	1.03823e+11
29.09	26389.2	1060000	1191016000
29.1	26452.7	4600000	9.7336e+10
29.1	29388.3	431000	80062991
29.12	26452.7	4560000	94818816000
29.12	29390.6	453000	92959677
29.14	26452.9	4360000	82881856000
29.14	29390.6	1010000	1030301000
29.16	26452.4	4390000	84604519000
29.16	29391.1	908000	748613312
29.16	26409.6	284000	22906304
29.17	26452.8	4370000	83453453000
29.17	29390.6	1130000	1442897000
29.19	26452	4340000	81746504000
29.19	26413.2	691000	329939371
29.19	29391	540000	157464000
29.21	26452.3	4140000	70957944000
29.21	29389.9	782000	478211768
29.21	26416.2	508000	131096512
29.22	26452.1	3810000	55306341000
29.22	29391.9	758000	435519512
29.24	26451.8	3700000	5.0653e+10
29.24	29392.2	851000	616295051
29.24	26408	133000	2352637
29.26	26452.1	3690000	50243409000
29.26	29391.3	1210000	1771561000
29.27	26452.3	3810000	55306341000
29.27	29391.8	993000	979146657
29.29	26451.9	3870000	57960603000
29.29	29391.1	676000	308915776
29.31	26451.8	3910000	59776471000
29.31	29390.9	602000	218167208
29.31	26387	304000	28094464
29.33	26451.9	3830000	56181887000
29.33	29390.5	643000	265847707
29.33	26404.6	76700	451217.663
29.34	26451.9	3920000	60236288000
29.34	29391.6	1250000	1953125000
29.34	26405.5	149000	3307949
29.36	26451.8	3670000	49430863000
29.36	29390.9	1340000	2406104000
29.36	26406.3	405000	66430125
29.38	26452	3230000	33698267000
29.38	29390.7	1510000	3442951000
29.38	26388.7	237000	13312053
29.39	26451.9	3250000	34328125000
29.39	29391.6	1330000	2352637000
29.39	26387.6	308000	29218112
29.41	26452.1	3270000	34965783000
29.41	26406.8	604000	220348864
29.43	26452.1	2910000	24642171000
29.43	29393.1	932000	809557568
29.44	26452	2830000	22665187000
29.44	29391.9	623000	241804367
29.46	26451.9	2530000	16194277000
29.46	29391.3	726000	382657176
29.48	26452	2810000	22188041000
29.48	29391	665000	294079625
29.5	26452.6	2800000	2.1952e+10
29.5	29391.7	1060000	1191016000
29.51	26452.7	2760000	21024576000
29.51	29391.9	839000	590589719
29.53	26452.7	2840000	22906304000
29.53	29391	893000	712121957
29.53	26395.8	64000	262144
29.55	26453.6	2810000	22188041000
29.56	26452.2	2840000	22906304000
29.56	29392.2	671000	302111711
29.58	26452.5	2940000	25412184000
29.58	29393.1	716000	367061696
29.6	26452.5	2970000	26198073000
29.61	26452.3	2760000	21024576000
29.63	26452.2	2680000	19248832000
29.65	26452.4	2570000	16974593000
29.65	29396.6	72900	387420.489
29.67	26452.8	2830000	22665187000
29.67	29396.7	78900	491169.069
29.68	26452.9	2680000	19248832000
29.68	26414.6	412000	69934528
29.7	26452.8	2580000	17173512000
29.72	26452.9	2390000	13651919000
29.72	26411.3	481000	111284641
29.73	26452.2	2300000	1.2167e+10
29.73	26390.7	1050000	1157625000
29.75	26452.5	2170000	10218313000
29.75	26393.9	173000	5177717
29.77	26452.4	2310000	12326391000
29.79	26452.1	2230000	11089567000
29.8	26452.1	2020000	8242408000
29.82	26452	1970000	7645373000
29.82	29393	731000	390617891
29.84	26452.4	1750000	5359375000
29.85	26452.3	1730000	5177717000
29.87	26451.9	1670000	4657463000
29.89	26452.2	1470000	3176523000
29.9	26452.5	1540000	3652264000
29.92	26452.4	1580000	3944312000
29.94	26452	1640000	4410944000
29.96	26452.3	1690000	4826809000
29.97	26451.7	1660000	4574296000
29.99	26451.4	1640000	4410944000
30.01	26451.7	1620000	4251528000
30.02	26452	1640000	4410944000
30.02	29386.8	157000	3869893
30.04	26452.2	1340000	2406104000
30.04	29387.1	151000	3442951
30.06	26451.6	1320000	2299968000
30.07	26451.8	1230000	1860867000
30.09	26451.9	1160000	1560896000
30.11	26451.7	1350000	2460375000
30.13	26452.5	1360000	2515456000
30.14	26452.6	1270000	2048383000
30.16	26451.6	976000	929714176
30.18	26452.3	1180000	1643032000
30.18	29392.6	654000	279726264
30.19	26452	1090000	1295029000
30.21	26451.9	1080000	1259712000
30.23	26452.2	1130000	1442897000
30.25	26452.4	1050000	1157625000
30.26	26452.7	1170000	1601613000
30.26	29392.8	641000	263374721
30.28	26453.1	1100000	1.331e+09
30.28	29392.2	579000	194104539
30.3	26452.8	1100000	1.331e+09
30.3	29392.1	592000	207474688
30.31	26452.2	1100000	1.331e+09
30.31	29392.5	621000	239483061
30.33	26452.1	1060000	1191016000
30.33	29393	604000	220348864
30.35	26452.3	999000	997002999
30.35	29392.7	618000	236029032
30.36	26451.6	791000	494913671
30.36	29392.7	725000	381078125
30.38	26452.2	821000	553387661
30.38	29393	421000	74618461
30.4	26453.2	963000	893056347
30.4	29393.5	414000	70957944
30.42	26453.5	940000	830584000
30.42	29393.6	380000	54872000
30.43	26453.8	907000	746142643
30.45	26453.8	880000	681472000
30.47	26453	833000	578009537
30.48	26452.7	799000	510082399
30.5	26452.4	618000	236029032
30.52	29393.6	753000	426957777
30.52	26452.4	642000	264609288
30.54	29393.7	776000	467288576
30.54	26452	621000	239483061
30.55	26451.4	594000	209584584
30.55	29392.7	591000	206425071
30.57	29389.1	808000	527514112
30.57	26450.5	576000	191102976
30.59	29389.9	631000	251239591
30.59	26451.4	594000	209584584
30.6	29391	786000	485587656
30.6	26449.6	568000	183250432
30.62	29391	808000	527514112
30.62	26451.1	459000	96702579
30.64	29391.1	848000	609800192
30.65	29391.3	816000	543338496
30.67	29391.8	846000	605495736
30.69	29392.1	793000	498677257
30.71	29391.9	726000	382657176
30.72	29392.9	814000	539353144
30.74	29393.6	695000	335702375
30.76	29393.8	751000	423564751
30.77	29394	867000	651714363
30.79	29393.2	741000	406869021
30.81	29393.3	648000	272097792
30.83	26453.3	348000	42144192
30.84	26452.9	473000	105823817
30.86	29392.2	642000	264609288
30.86	26452.8	331000	36264691
30.88	29392.9	647000	270840023
30.88	26452.5	362000	47437928
30.89	29392.5	658000	284890312
30.89	26453.1	370000	50653000
30.91	29393	674000	306182024
30.93	29392	746000	415160936
30.94	29392.4	697000	338608873
30.96	29392.4	756000	432081216
30.98	29392.7	736000	398688256
31.01	29393	724000	379503424
31.08	29392.4	704000	348913664
31.1	29392.9	773000	461889917
31.12	29393.4	671000	302111711
31.13	29393.2	631000	251239591
31.15	29394	648000	272097792
31.17	29393.4	523000	143055667
31.19	29393	528000	147197952
31.2	29394.2	551000	167284151
31.22	29393.2	521000	141420761
31.24	29391.9	609000	225866529
31.25	29393.2	517000	138188413
31.27	29392.1	507000	130323843
31.29	29392.3	559000	174676879
31.3	29392.1	548000	164566592
31.32	29393.1	543000	160103007
31.34	29393.2	537000	154854153
31.36	29391.5	507000	130323843
31.41	29390.5	77300	461889.917
31.63	29393.6	451000	91733851
31.65	29393.9	257000	16974593
